100
-37550 67074
-50131 -48639
-48570 27083
-8890 10299
28906 30154
20952 -48851
-36294 -14184
-1141 -93740
49681 49600
-2254 -22591
-81701 46092
-80640 77339
-86861 79348
-43015 99125
-97261 -6131
-64490 50554
77177 -2951
-20429 38542
-38266 5199
32683 -85545
-21845 -60805
-98875 32929
5958 18021
-48529 -87731
-50591 -13246
-84696 14807
70443 19529
81062 -3925
-48811 -94481
-61518 -18743
68439 -17458
94615 -30281
67985 -64920
2566 34841
-55608 -51988
30665 99830
-24750 -13232
20014 -90891
16729 15276
24845 83600
22344 -28162
-33152 19197
-40542 43215
74266 57245
64177 -87967
-73209 34952
-29493 48410
-73444 52333
61824 77822
-59039 -87715
-47564 43462
-83187 55189
92307 51248
11281 59249
15150 -50416
-91492 96462
-59828 -36648
60950 13662
-48941 68862
17275 -6937
-24201 -37174
-29814 -79489
-23738 97654
66984 -83805
-8300 -81091
96016 -32015
58385 -14260
-8072 -70895
-2901 -26239
4647 91155
-39609 16382
-5916 -51225
16205 -46305
92750 98878
-55558 -37130
81031 -82361
36316 71434
19591 -14042
-64902 79021
-41041 -578
-4159 15075
-14729 -57411
-62781 79466
-29752 -57209
81880 45218
-62371 -46659
23097 91118
-9805 -11795
-85579 58986
55005 42002
48721 -14113
-37948 43981
67101 -21712
40770 -39275
55131 97029
76332 -68324
48883 -93749
55491 -62450
44854 80551
42321 -4162
